# x y yerr  
  0.29064   2.19935   0.18435
  0.34489   3.46188   0.44882
  0.48120   3.91720   0.25430
  0.75018   4.70289   0.58658
  0.92627   5.87035   0.33294
  1.16489   6.20545   0.39005
  1.71000   3.59556   0.33039
  1.91743   2.10993   0.14641
  1.96286   2.58006   0.47996
  2.06342   0.64877   0.58198
  2.31354   2.89540   0.53865
  2.35237   2.29072   0.27074
  2.75781   2.13872   0.46331
  2.92800   0.59486   0.32697
  3.11192   1.33427   0.38370
  3.41898   1.02329   0.32945
  3.70884   0.90906   0.18346
  3.80982   1.38048   0.51332
  4.08628   0.65991   0.21877
  4.34185   0.60564   0.30098
  4.60184   0.43859   0.43831
  4.78067  -0.75843   0.33249
  4.87827  -0.29345   0.21319
  4.90248  -0.65314   0.42842
  4.92492  -0.01163   0.51434
  4.99718  -0.34431   0.17320
  5.46774  -0.52439   0.49075
  5.61419  -1.19522   0.29483
  5.85455  -0.11591   0.36214
  6.37805  -3.04617   0.45734
  6.84097   0.04571   0.39824
  6.86582  -1.77518   0.26421
  6.88222   0.38787   0.47064
  6.95979  -2.51484   0.21558
  7.31527  -0.72099   0.23839
  7.37086  -4.08867   0.40569
  7.47736  -1.72135   0.50497
  7.56719  -5.37272   0.12373
  7.86843  -3.82303   0.59544
  8.26276  -0.49457   0.14062
  8.30779  -0.76466   0.39102
  8.42701  -3.28891   0.49297
  8.43753  -4.03709   0.31034
  8.75913  -1.49100   0.29883
  8.79501  -3.77201   0.49550
  8.91356  -2.01442   0.54195
  9.31139  -3.61492   0.18183
  9.48139  -6.29971   0.53576
  9.66506  -9.24147   0.29510
  9.66926 -12.92407   0.31519
